N=10	M=10
-0.894522	-0.0993314	-1.09983	-0.766504	0.17076	-1.93488	-0.0839021	0.913257	-0.640798	0.194673	
-2.34788	2.37206	1.828	0.326656	0.208236	2.08899	0.184786	-1.26302	0.679069	-0.467215	
0	1.73595	-1.16502	-1.24674	-0.629823	-1.98482	0.297575	0.63393	-0.130852	0.30403	
0	0	-1.29294	-1.12624	1.19078	-1.30877	0.186015	0.423673	-0.10196	0.194366	
0	0	0	1.57771	0.816936	0.446153	-0.0436509	-0.466598	0.294123	-0.103442	
0	0	0	0	-0.772898	-1.60103	-0.291269	-0.243434	0.673629	0.262477	
0	0	0	0	0	-0.729677	-0.00796546	0.971074	-0.129897	0.0278024	
0	0	0	0	0	0	0.794554	-0.452514	0.50489	-0.121121	
0	0	0	0	0	0	0	0.703991	0.126754	-0.37147	
0	0	0	0	0	0	0	0	-0.491959	0.408151	
Characteristic value No. 1:  Re  3.38961343882  Im  0
Characteristic value No. 2:  Re  -2.33686593224  Im  -0.893437921021
Characteristic value No. 3:  Re  -2.33686593224  Im  0.893437921021
Characteristic value No. 4:  Re  -1.49314708091  Im  0
Characteristic value No. 5:  Re  1.59031345881  Im  0
Characteristic value No. 6:  Re  -0.989114346472  Im  -0.10847586315
Characteristic value No. 7:  Re  -0.989114346472  Im  0.10847586315
Characteristic value No. 8:  Re  0.943287957277  Im  0
Characteristic value No. 9:  Re  0.0495499092363  Im  0
Characteristic value No. 10:  Re  0.648948820211  Im  0
----------------------------------------R---------------------------------------------
N=10	M=10
2.51250907925	-2.18126551364	-1.31664991865	-0.03235549646	-0.255386763893	-1.26323641724	-0.142806752484	0.85511271062	-0.406432386089	0.36729206403	
0	-1.97285178971	0.227601662383	0.70146345318	0.594785406232	0.53405876339	-0.330351665591	0.0613116488383	-0.284235007214	-0.102058100688	
0	0	2.40724034344	1.72252834609	-0.450570407729	3.39244953104	-0.112144461785	-1.44880245685	0.731104559394	-0.484728580489	
0	0	0	1.59561566467	0.639740664944	0.350237521521	-0.0654370162143	-0.398583369941	0.239336671678	-0.0905957658392	
0	0	0	0	-1.45624259346	-1.41620832334	-0.274025854657	0.282047417429	0.0314637556272	0.217959389834	
0	0	0	0	8.97528815303e-17	1.23967622567	0.143789368979	-0.196587654405	-0.55015883739	-0.156386794706	
0	0	0	0	-7.74500398568e-18	0	-0.800193921693	0.323924067789	-0.434813370196	0.1296863514	
0	0	0	0	5.47140072412e-17	0	1.87230997286e-16	1.30955871158	-0.452230033793	-0.254129774135	
0	0	0	0	2.32139771351e-17	0	7.94380874137e-17	-7.3885049033e-17	-0.659108456914	0.490000710378	
0	0	0	0	-2.60360421633e-17	0	-8.90951766358e-17	8.28670692946e-17	-1.66533453694e-16	0.0637333049006	
----------------------------------------Q---------------------------------------------
N=10	M=10
-0.356027250057	0.443987395278	-0.693593924883	0.0659751328749	0.370104288733	0.187368025302	-0.0161684625386	0.114220906542	0.0484614753428	-0.05435281546	
-0.934475573365	-0.169155423541	0.26425338957	-0.0251359648118	-0.141006587981	-0.0713856249412	0.00616004678917	-0.0435171944717	-0.0184634101648	0.0207079606708	
0	-0.879921380307	-0.400770866599	0.0381216014554	0.213852819649	0.108264566888	-0.00934242430723	0.0659988648348	0.0280018996318	-0.0314060203998	
0	0	-0.537103645445	-0.126009650246	-0.706883183795	-0.357864824318	0.0308810641332	-0.218156991233	-0.0925593218574	0.10381152667	
0	0	0	0.988778932149	-0.126609221643	-0.0640968520668	0.00553108007523	-0.0390739056878	-0.0165782182471	0.0185935906958	
0	0	0	0	0.53074777305	-0.68516182909	0.0591243535212	-0.41767961807	-0.177212483468	0.198755761004	
0	0	0	0	0	-0.588603201003	-0.095813557805	0.67686778538	0.287180451325	-0.322092259144	
0	0	0	0	0	0	-0.992951758014	-0.099937002999	-0.0424011221175	0.0475557202799	
0	0	0	0	0	0	0	0.537578904348	-0.561156323439	0.629374691471	
0	0	0	0	0	0	0	0	0.746400204792	0.665497358587	
---------------------------------------R*Q---------------------------------------------
N=10	M=10
1.1438176433	2.64304366732	-1.77401465511	-0.0780454168012	0.340639856135	1.46145460093	-0.954262023938	0.439063692011	0.78120465002	-0.324267623223	
1.84358180736	0.133447011148	-0.989307465874	0.557986187465	0.0391508196385	-0.295149145649	0.0130210709926	-0.680991225719	-0.140776631637	0.00453436209324	
0	-2.11818224573	-1.88992805262	-0.570801864063	1.15475021596	-2.58530166262	1.67812419842	-1.15434956009	-1.42858381059	0.8738827597	
0	0	-0.857010990223	0.431499119703	-1.02302316421	-0.813473025932	0.47556414479	-0.395175588276	-0.42417915985	0.339613137491	
0	0	0	-1.43990199651	-0.567275672506	1.22496494649	-0.345591082876	0.451670441651	0.329486553796	-0.0420278773986	
0	0	0	8.87457583568e-17	0.657955396077	-0.93401371311	0.254720141447	-0.696568504739	0.0219409052753	-0.259600565904	
0	0	0	-7.65809677045e-18	9.80588926246e-19	0.470996703732	-0.244971546002	-0.807743983331	0.09726139591	0.0857861039381	
0	0	0	5.41000576536e-17	-6.92729786976e-18	-1.13711759958e-16	-1.30032862489	-0.373982698966	0.00856246880424	-0.391467823639	
0	0	0	2.29534915226e-17	-2.93910357631e-18	-4.82454553916e-17	6.58814419144e-17	-0.354322802115	0.735599509004	-0.0887320032546	
0	0	0	-2.57438899676e-17	3.29640303295e-18	5.41105345047e-17	-7.38904837148e-17	-1.57094683168e-16	0.0475705518299	0.0424143460653	
---------------------------------------Q*R---------------------------------------------
N=10	M=10
-0.894521698228	-0.0993313649183	-1.09983175888	-0.766503870908	0.170760114146	-1.93488255889	-0.0839020870525	0.913256511314	-0.640797700919	0.194673367868	
-2.34787836242	2.3720579216	1.82799855232	0.326655688471	0.208236058364	2.08898700994	0.184786191029	-1.26301526608	0.67906946685	-0.46721508865	
0	1.73595446995	-1.16502336748	-1.24674444352	-0.629822548908	-1.98482018099	0.29757500608	0.633930059659	-0.130851892877	0.30403010361	
0	0	-1.29293756392	-1.1262392259	1.19078291192	-1.3087729839	0.186015166267	0.423673393688	-0.101960082655	0.194366091451	
0	0	0	1.57771115303	0.816935832816	0.446153172383	-0.0436509254161	-0.466597916719	0.294123156618	-0.103442111366	
0	0	0	0	-0.772897513499	-1.60102824405	-0.291268547483	-0.243433785832	0.673628608451	0.262477290494	
0	0	0	0	-6.00890142649e-32	-0.729677394636	-0.00796545627982	0.971073910201	-0.129896736857	0.0278024208124	
0	0	0	0	-1.34815096107e-33	0	0.794553961298	-0.452514345461	0.504890152758	-0.121121019351	
0	0	0	0	3.08148791102e-32	0	1.35585468085e-31	0.703991137351	0.12675355235	-0.371469673551	
0	0	0	0	-1.84889274661e-32	0	-6.16297582204e-32	4.31408307543e-32	-0.491958687221	0.40815097664	
Characteristic vector No. 1:
[-0.10487199932, -0.21767697632, -0.474694012241, -0.259383624651, -0.304665248521, -0.259451746662, 0.0868664182734, 0.405258126693, 0.509628289643, 0.239514692166]
Characteristic vector No. 4:
[-0.561340981698, 0.778192357458, 0.0143637166588, -0.277601903748, 0.003568072419, -0.00254834165599, -0.022060898782, -0.0117582711696, -0.0131734984814, 0.0350159577287]
Characteristic vector No. 5:
[0.0623768976129, -0.0112312295279, -0.252846032094, -0.130987581361, -0.381985138641, 0.815575288836, -0.123376782911, -0.0677214519898, 0.271944611155, 0.100282224999]
Characteristic vector No. 8:
[0.0796197316849, 0.0454205684405, -0.0182719542764, -0.0479609167139, -0.34956742707, 0.207214771156, -0.15231207343, 0.820633710404, -0.355466329432, 0.0288659534097]
Characteristic vector No. 9:
[-0.213767977959, -0.206773621699, 0.38682898351, -0.0311123946363, -0.380938960237, -0.125173726812, 0.644715735839, -0.308201272967, -0.295976727012, 0.0437229510136]
Characteristic vector No. 10:
[0.108434798577, 0.0713441259543, 0.382501666947, -0.047100343331, -0.717803600565, 0.181518546649, -0.226005938413, 0.388381467696, 0.289696424846, 0.0243327682952]
